[  1.20639407   1.13736301   0.9789454   13.9152776  -11.11292976
   3.36875757   0.57577348   5.76482046   1.42898608   3.07931022
   0.39298286  -2.50438074   1.54390405   1.10524291  -0.21396003
   2.89581068   1.30827676   0.63257498   0.59845994   0.58395029
   0.50743264   0.34381503   0.25262879   0.24838422   0.27793016
   0.31343162   0.3728738    0.45588485   0.56565196   4.28037607
   0.24835653   0.9878587    0.78753597   1.21873685   6.54522741
   4.23310934   4.06704425   4.85400764   5.12953329   5.77425198
   6.79234315   8.5359183    9.218172     9.15069677   9.9494074
   9.71835635   8.753102     8.73286256   0.76585543   0.67811371
   0.61036697   0.5158597    0.3056172    0.19953559   0.20061542
   0.23898008   0.29084548   0.36411885   0.49433402   0.68211549
   2.61459975   0.2082172    1.51352769   1.12411036   1.74100864
   2.2573418    2.38646483   3.2223156    3.14221954   3.54344325
   4.19092053   3.28388141   3.02843417   4.0382416    2.61446781
   2.61854304   2.69793223   2.37111084   2.43951002   0.66334197
   0.67165738   0.98207758   1.06058542   0.54125756   0.29913855
   0.22645893   0.23479928   0.30454569   0.41293764   0.45732446
   0.60083847   1.03071067   0.08396415   0.97462513   0.82400448
   2.96615508   2.37138034   2.34393556   3.67791807   4.52499403
   3.71559393   4.62319305   4.61416079   5.48770182   5.01177501
   4.31079088   5.29064742   3.96313776   2.87254611   3.35815622
   1.09815761   0.87318652   0.9282211    1.04534343   0.4331759
   0.20110254   0.17651902   0.23700363   0.33158857   0.50592112
   0.6625624    0.9988683    2.19391636   0.15516219]
5.97230444498
[(42.061191236556368, 10)]
7
7
7
[7, 5, 8, 5, 2, 8, 1, 10, 6, 6, 9, 7, 10, 4, 2, 7, 6, 3, 8, 5, 2, 7, 5, 8, 3, 7, 9, 9, 7, 9, 8, 5, 6, 10, 3, 1, 2, 10, 3, 10, 10, 6, 1, 6, 1, 10, 8, 10, 9, 8, 10, 2, 10, 10, 3, 2, 5, 8, 7, 4, 7, 5, 10, 2, 8, 2, 4, 1, 4, 4, 9, 8, 7, 10, 3, 5, 4, 4, 1, 8, 8, 2, 6, 4, 10, 5, 2, 10, 9, 6, 10, 4, 1]
[1.0, 2.0, 9.0, 10.0, 10.0, 1.0, 9.0, 4.0, 4.0, 9.0, 7.0, 9.0, 10.0, 3.0, 3.0, 3.0, 7.0, 9.0, 8.0, 6.0, 7.0, 1.0, 8.0, 4.0, 4.0, 9.0, 1.0, 6.0, 1.0, 3.0, 10.0, 1.0, 1.0, 5.0, 9.0, 4.0, 1.0, 2.0, 6.0, 2.0, 10.0, 4.0, 10.0, 8.0, 3.0, 8.0, 3.0, 2.0, 4.0, 2.0, 4.0, 5.0, 2.0, 5.0, 5.0, 7.0, 9.0, 10.0, 4.0, 2.0, 7.0, 9.0, 1.0, 10.0, 3.0, 4.0, 10.0, 9.0, 10.0, 4.0, 1.0, 4.0, 2.0, 9.0, 9.0, 3.0, 9.0, 6.0, 8.0, 9.0, 1.0, 7.0, 10.0, 4.0, 2.0, 7.0, 4.0, 7.0, 7.0, 3.0, 6.0, 3.0, 5.0]
0.698924731183
[7.0, 8.0, 8.0, 5.0, 2.0, 8.0, 1.0, 10.0, 6.0, 6.0, 9.0, 7.0, 9.0, 4.0, 2.0, 7.0, 2.0, 1.0, 8.0, 5.0, 6.0, 7.0, 5.0, 5.0, 3.0, 7.0, 5.0, 9.0, 7.0, 8.0, 9.0, 9.0, 6.0, 10.0, 3.0, 1.0, 2.0, 10.0, 3.0, 3.0, 10.0, 6.0, 1.0, 6.0, 6.0, 7.0, 8.0, 7.0, 4.0, 8.0, 10.0, 2.0, 7.0, 7.0, 3.0, 6.0, 8.0, 8.0, 7.0, 1.0, 7.0, 5.0, 1.0, 2.0, 8.0, 2.0, 4.0, 1.0, 4.0, 4.0, 9.0, 5.0, 7.0, 7.0, 4.0, 5.0, 4.0, 4.0, 1.0, 8.0, 8.0, 6.0, 6.0, 10.0, 10.0, 10.0, 2.0, 1.0, 10.0, 6.0, 10.0, 3.0, 1.0]
0.677419354839
[7.0, 8.0, 8.0, 5.0, 2.0, 8.0, 1.0, 10.0, 6.0, 6.0, 9.0, 7.0, 9.0, 4.0, 2.0, 7.0, 2.0, 1.0, 8.0, 5.0, 6.0, 7.0, 5.0, 5.0, 3.0, 7.0, 5.0, 9.0, 7.0, 8.0, 9.0, 9.0, 6.0, 10.0, 3.0, 1.0, 2.0, 10.0, 3.0, 3.0, 10.0, 6.0, 1.0, 6.0, 6.0, 7.0, 8.0, 7.0, 4.0, 8.0, 10.0, 2.0, 7.0, 7.0, 3.0, 6.0, 8.0, 8.0, 7.0, 1.0, 7.0, 5.0, 1.0, 2.0, 8.0, 2.0, 4.0, 1.0, 4.0, 4.0, 9.0, 5.0, 7.0, 7.0, 4.0, 5.0, 4.0, 4.0, 1.0, 8.0, 8.0, 6.0, 6.0, 10.0, 10.0, 10.0, 2.0, 1.0, 10.0, 6.0, 10.0, 3.0, 1.0]
0.0677419354839
[1.0, 6.0, 4.0, 10.0, 10.0, 5.0, 4.0, 1.0, 9.0, 1.0, 10.0, 9.0, 6.0, 4.0, 4.0, 10.0, 8.0, 9.0, 5.0, 9.0, 6.0, 5.0, 3.0, 6.0, 3.0, 6.0, 6.0, 10.0, 2.0, 6.0, 6.0, 5.0, 1.0, 7.0, 10.0, 10.0, 4.0, 6.0, 10.0, 8.0, 7.0, 6.0, 10.0, 3.0, 8.0, 6.0, 8.0, 7.0, 5.0, 3.0, 10.0, 6.0, 4.0, 2.0, 7.0, 10.0, 5.0, 2.0, 10.0, 3.0, 4.0, 2.0, 1.0, 4.0, 4.0, 10.0, 10.0, 5.0, 6.0, 5.0, 10.0, 9.0, 1.0, 7.0, 4.0, 9.0, 3.0, 5.0, 5.0, 7.0, 4.0, 6.0, 1.0, 8.0, 7.0, 7.0, 4.0, 9.0, 3.0, 1.0, 9.0, 1.0, 7.0]
0.548387096774
[1.0, 6.0, 4.0, 10.0, 10.0, 5.0, 4.0, 1.0, 9.0, 1.0, 10.0, 9.0, 6.0, 4.0, 4.0, 10.0, 8.0, 9.0, 5.0, 9.0, 6.0, 5.0, 3.0, 6.0, 3.0, 6.0, 6.0, 10.0, 2.0, 6.0, 6.0, 5.0, 1.0, 7.0, 10.0, 10.0, 4.0, 6.0, 10.0, 8.0, 7.0, 6.0, 10.0, 3.0, 8.0, 6.0, 8.0, 7.0, 5.0, 3.0, 10.0, 6.0, 4.0, 2.0, 7.0, 10.0, 5.0, 2.0, 10.0, 3.0, 4.0, 2.0, 1.0, 4.0, 4.0, 10.0, 10.0, 5.0, 6.0, 5.0, 10.0, 9.0, 1.0, 7.0, 4.0, 9.0, 3.0, 5.0, 5.0, 7.0, 4.0, 6.0, 1.0, 8.0, 7.0, 7.0, 4.0, 9.0, 3.0, 1.0, 9.0, 1.0, 7.0]
0.122580645161
[5.0, 7.0, 8.0, 4.0, 3.0, 2.0, 7.0, 2.0, 10.0, 8.0, 9.0, 10.0, 6.0, 1.0, 7.0, 10.0, 1.0, 3.0, 8.0, 2.0, 9.0, 3.0, 6.0, 7.0, 4.0, 10.0, 8.0, 3.0, 1.0, 2.0, 3.0, 2.0, 8.0, 3.0, 5.0, 9.0, 8.0, 8.0, 10.0, 5.0, 3.0, 9.0, 4.0, 8.0, 9.0, 4.0, 8.0, 7.0, 7.0, 9.0, 8.0, 10.0, 7.0, 10.0, 5.0, 6.0, 3.0, 2.0, 3.0, 7.0, 5.0, 7.0, 1.0, 1.0, 2.0, 10.0, 3.0, 3.0, 5.0, 8.0, 7.0, 3.0, 1.0, 1.0, 3.0, 6.0, 9.0, 3.0, 6.0, 2.0, 6.0, 4.0, 3.0, 5.0, 2.0, 6.0, 10.0, 3.0, 10.0, 1.0, 10.0, 4.0, 9.0]
0.709677419355
[5.0, 7.0, 8.0, 4.0, 3.0, 2.0, 7.0, 2.0, 10.0, 8.0, 9.0, 10.0, 6.0, 1.0, 7.0, 10.0, 1.0, 3.0, 8.0, 2.0, 9.0, 3.0, 6.0, 7.0, 4.0, 10.0, 8.0, 3.0, 1.0, 2.0, 3.0, 2.0, 8.0, 3.0, 5.0, 9.0, 8.0, 8.0, 10.0, 5.0, 3.0, 9.0, 4.0, 8.0, 9.0, 4.0, 8.0, 7.0, 7.0, 9.0, 8.0, 10.0, 7.0, 10.0, 5.0, 6.0, 3.0, 2.0, 3.0, 7.0, 5.0, 7.0, 1.0, 1.0, 2.0, 10.0, 3.0, 3.0, 5.0, 8.0, 7.0, 3.0, 1.0, 1.0, 3.0, 6.0, 9.0, 3.0, 6.0, 2.0, 6.0, 4.0, 3.0, 5.0, 2.0, 6.0, 10.0, 3.0, 10.0, 1.0, 10.0, 4.0, 9.0]
0.193548387097
[8.0, 4.0, 1.0, 8.0, 3.0, 5.0, 1.0, 1.0, 5.0, 9.0, 3.0, 7.0, 3.0, 9.0, 3.0, 10.0, 3.0, 2.0, 8.0, 5.0, 5.0, 2.0, 10.0, 1.0, 6.0, 8.0, 2.0, 6.0, 5.0, 7.0, 9.0, 1.0, 6.0, 8.0, 2.0, 9.0, 4.0, 1.0, 8.0, 7.0, 6.0, 5.0, 4.0, 6.0, 4.0, 5.0, 2.0, 1.0, 1.0, 7.0, 4.0, 4.0, 3.0, 4.0, 7.0, 7.0, 5.0, 1.0, 9.0, 5.0, 4.0, 2.0, 8.0, 1.0, 6.0, 10.0, 1.0, 5.0, 8.0, 3.0, 1.0, 1.0, 1.0, 9.0, 1.0, 9.0, 6.0, 1.0, 5.0, 10.0, 6.0, 4.0, 1.0, 2.0, 7.0, 1.0, 9.0, 3.0, 8.0, 5.0, 5.0, 9.0, 5.0]
0.720430107527
[8.0, 4.0, 1.0, 8.0, 3.0, 5.0, 1.0, 1.0, 5.0, 9.0, 3.0, 7.0, 3.0, 9.0, 3.0, 10.0, 3.0, 2.0, 8.0, 5.0, 5.0, 2.0, 10.0, 1.0, 6.0, 8.0, 2.0, 6.0, 5.0, 7.0, 9.0, 1.0, 6.0, 8.0, 2.0, 9.0, 4.0, 1.0, 8.0, 7.0, 6.0, 5.0, 4.0, 6.0, 4.0, 5.0, 2.0, 1.0, 1.0, 7.0, 4.0, 4.0, 3.0, 4.0, 7.0, 7.0, 5.0, 1.0, 9.0, 5.0, 4.0, 2.0, 8.0, 1.0, 6.0, 10.0, 1.0, 5.0, 8.0, 3.0, 1.0, 1.0, 1.0, 9.0, 1.0, 9.0, 6.0, 1.0, 5.0, 10.0, 6.0, 4.0, 1.0, 2.0, 7.0, 1.0, 9.0, 3.0, 8.0, 5.0, 5.0, 9.0, 5.0]
0.265591397849
[5.0, 7.0, 10.0, 3.0, 8.0, 8.0, 1.0, 4.0, 9.0, 2.0, 7.0, 4.0, 2.0, 4.0, 4.0, 8.0, 1.0, 8.0, 5.0, 5.0, 10.0, 5.0, 1.0, 8.0, 2.0, 4.0, 2.0, 8.0, 3.0, 4.0, 10.0, 2.0, 6.0, 5.0, 1.0, 2.0, 5.0, 5.0, 7.0, 2.0, 6.0, 8.0, 6.0, 10.0, 7.0, 2.0, 10.0, 3.0, 7.0, 8.0, 3.0, 2.0, 2.0, 7.0, 1.0, 5.0, 7.0, 3.0, 7.0, 3.0, 3.0, 6.0, 1.0, 2.0, 5.0, 1.0, 6.0, 8.0, 8.0, 7.0, 4.0, 2.0, 5.0, 8.0, 3.0, 9.0, 5.0, 5.0, 2.0, 4.0, 3.0, 5.0, 10.0, 7.0, 5.0, 6.0, 9.0, 1.0, 10.0, 1.0, 10.0, 6.0, 8.0]
0.698924731183
[5.0, 7.0, 10.0, 3.0, 8.0, 8.0, 1.0, 4.0, 9.0, 2.0, 7.0, 4.0, 2.0, 4.0, 4.0, 8.0, 1.0, 8.0, 5.0, 5.0, 10.0, 5.0, 1.0, 8.0, 2.0, 4.0, 2.0, 8.0, 3.0, 4.0, 10.0, 2.0, 6.0, 5.0, 1.0, 2.0, 5.0, 5.0, 7.0, 2.0, 6.0, 8.0, 6.0, 10.0, 7.0, 2.0, 10.0, 3.0, 7.0, 8.0, 3.0, 2.0, 2.0, 7.0, 1.0, 5.0, 7.0, 3.0, 7.0, 3.0, 3.0, 6.0, 1.0, 2.0, 5.0, 1.0, 6.0, 8.0, 8.0, 7.0, 4.0, 2.0, 5.0, 8.0, 3.0, 9.0, 5.0, 5.0, 2.0, 4.0, 3.0, 5.0, 10.0, 7.0, 5.0, 6.0, 9.0, 1.0, 10.0, 1.0, 10.0, 6.0, 8.0]
0.335483870968
[2.0, 3.0, 1.0, 1.0, 10.0, 4.0, 10.0, 9.0, 9.0, 7.0, 9.0, 6.0, 4.0, 8.0, 9.0, 3.0, 2.0, 3.0, 4.0, 10.0, 10.0, 2.0, 1.0, 6.0, 10.0, 1.0, 2.0, 8.0, 3.0, 3.0, 3.0, 10.0, 2.0, 6.0, 1.0, 10.0, 1.0, 1.0, 6.0, 10.0, 5.0, 10.0, 10.0, 9.0, 5.0, 8.0, 1.0, 8.0, 3.0, 7.0, 7.0, 8.0, 1.0, 5.0, 7.0, 5.0, 10.0, 10.0, 3.0, 4.0, 6.0, 6.0, 7.0, 6.0, 7.0, 4.0, 5.0, 7.0, 9.0, 10.0, 6.0, 10.0, 7.0, 1.0, 1.0, 7.0, 1.0, 7.0, 3.0, 9.0, 10.0, 8.0, 3.0, 2.0, 1.0, 3.0, 3.0, 1.0, 5.0, 5.0, 8.0, 1.0, 4.0]
0.698924731183
[2.0, 3.0, 1.0, 1.0, 10.0, 4.0, 10.0, 9.0, 9.0, 7.0, 9.0, 6.0, 4.0, 8.0, 9.0, 3.0, 2.0, 3.0, 4.0, 10.0, 10.0, 2.0, 1.0, 6.0, 10.0, 1.0, 2.0, 8.0, 3.0, 3.0, 3.0, 10.0, 2.0, 6.0, 1.0, 10.0, 1.0, 1.0, 6.0, 10.0, 5.0, 10.0, 10.0, 9.0, 5.0, 8.0, 1.0, 8.0, 3.0, 7.0, 7.0, 8.0, 1.0, 5.0, 7.0, 5.0, 10.0, 10.0, 3.0, 4.0, 6.0, 6.0, 7.0, 6.0, 7.0, 4.0, 5.0, 7.0, 9.0, 10.0, 6.0, 10.0, 7.0, 1.0, 1.0, 7.0, 1.0, 7.0, 3.0, 9.0, 10.0, 8.0, 3.0, 2.0, 1.0, 3.0, 3.0, 1.0, 5.0, 5.0, 8.0, 1.0, 4.0]
0.405376344086
[7.0, 2.0, 4.0, 10.0, 1.0, 6.0, 5.0, 2.0, 3.0, 6.0, 9.0, 9.0, 4.0, 10.0, 5.0, 2.0, 1.0, 1.0, 5.0, 3.0, 10.0, 7.0, 2.0, 2.0, 5.0, 2.0, 10.0, 8.0, 8.0, 5.0, 4.0, 5.0, 5.0, 10.0, 9.0, 4.0, 5.0, 2.0, 8.0, 10.0, 7.0, 4.0, 2.0, 3.0, 2.0, 6.0, 4.0, 7.0, 5.0, 3.0, 8.0, 10.0, 9.0, 2.0, 3.0, 7.0, 7.0, 3.0, 2.0, 4.0, 1.0, 3.0, 2.0, 8.0, 9.0, 4.0, 8.0, 9.0, 8.0, 8.0, 2.0, 2.0, 5.0, 2.0, 10.0, 3.0, 4.0, 4.0, 5.0, 1.0, 10.0, 4.0, 10.0, 6.0, 5.0, 7.0, 1.0, 10.0, 4.0, 3.0, 2.0, 9.0, 8.0]
0.623655913978
[7.0, 2.0, 4.0, 10.0, 1.0, 6.0, 5.0, 2.0, 3.0, 6.0, 9.0, 9.0, 4.0, 10.0, 5.0, 2.0, 1.0, 1.0, 5.0, 3.0, 10.0, 7.0, 2.0, 2.0, 5.0, 2.0, 10.0, 8.0, 8.0, 5.0, 4.0, 5.0, 5.0, 10.0, 9.0, 4.0, 5.0, 2.0, 8.0, 10.0, 7.0, 4.0, 2.0, 3.0, 2.0, 6.0, 4.0, 7.0, 5.0, 3.0, 8.0, 10.0, 9.0, 2.0, 3.0, 7.0, 7.0, 3.0, 2.0, 4.0, 1.0, 3.0, 2.0, 8.0, 9.0, 4.0, 8.0, 9.0, 8.0, 8.0, 2.0, 2.0, 5.0, 2.0, 10.0, 3.0, 4.0, 4.0, 5.0, 1.0, 10.0, 4.0, 10.0, 6.0, 5.0, 7.0, 1.0, 10.0, 4.0, 3.0, 2.0, 9.0, 8.0]
0.467741935484
[5.0, 2.0, 5.0, 3.0, 10.0, 10.0, 2.0, 2.0, 9.0, 9.0, 3.0, 7.0, 1.0, 10.0, 7.0, 3.0, 6.0, 9.0, 10.0, 10.0, 9.0, 8.0, 5.0, 4.0, 4.0, 1.0, 9.0, 9.0, 9.0, 2.0, 10.0, 5.0, 7.0, 7.0, 5.0, 6.0, 9.0, 9.0, 2.0, 2.0, 10.0, 10.0, 8.0, 8.0, 4.0, 4.0, 6.0, 1.0, 3.0, 4.0, 9.0, 3.0, 6.0, 3.0, 7.0, 6.0, 4.0, 8.0, 4.0, 1.0, 3.0, 6.0, 6.0, 3.0, 5.0, 8.0, 2.0, 6.0, 6.0, 7.0, 1.0, 1.0, 4.0, 2.0, 8.0, 8.0, 1.0, 1.0, 2.0, 5.0, 4.0, 2.0, 2.0, 3.0, 10.0, 2.0, 6.0, 9.0, 3.0, 6.0, 1.0, 5.0, 7.0]
0.666666666667
[5.0, 2.0, 5.0, 3.0, 10.0, 10.0, 2.0, 2.0, 9.0, 9.0, 3.0, 7.0, 1.0, 10.0, 7.0, 3.0, 6.0, 9.0, 10.0, 10.0, 9.0, 8.0, 5.0, 4.0, 4.0, 1.0, 9.0, 9.0, 9.0, 2.0, 10.0, 5.0, 7.0, 7.0, 5.0, 6.0, 9.0, 9.0, 2.0, 2.0, 10.0, 10.0, 8.0, 8.0, 4.0, 4.0, 6.0, 1.0, 3.0, 4.0, 9.0, 3.0, 6.0, 3.0, 7.0, 6.0, 4.0, 8.0, 4.0, 1.0, 3.0, 6.0, 6.0, 3.0, 5.0, 8.0, 2.0, 6.0, 6.0, 7.0, 1.0, 1.0, 4.0, 2.0, 8.0, 8.0, 1.0, 1.0, 2.0, 5.0, 4.0, 2.0, 2.0, 3.0, 10.0, 2.0, 6.0, 9.0, 3.0, 6.0, 1.0, 5.0, 7.0]
0.534408602151
[1.0, 2.0, 9.0, 10.0, 10.0, 1.0, 9.0, 4.0, 4.0, 9.0, 7.0, 9.0, 10.0, 3.0, 3.0, 3.0, 7.0, 9.0, 8.0, 6.0, 7.0, 1.0, 8.0, 4.0, 4.0, 9.0, 1.0, 6.0, 1.0, 3.0, 10.0, 1.0, 1.0, 5.0, 9.0, 4.0, 1.0, 2.0, 6.0, 2.0, 10.0, 4.0, 10.0, 8.0, 3.0, 8.0, 3.0, 2.0, 4.0, 2.0, 4.0, 5.0, 2.0, 5.0, 5.0, 7.0, 9.0, 10.0, 4.0, 2.0, 7.0, 9.0, 1.0, 10.0, 3.0, 4.0, 10.0, 9.0, 10.0, 4.0, 1.0, 4.0, 2.0, 9.0, 9.0, 3.0, 9.0, 6.0, 8.0, 9.0, 1.0, 7.0, 10.0, 4.0, 2.0, 7.0, 4.0, 7.0, 7.0, 3.0, 6.0, 3.0, 5.0]
0.698924731183
[1.0, 2.0, 9.0, 10.0, 10.0, 1.0, 9.0, 4.0, 4.0, 9.0, 7.0, 9.0, 10.0, 3.0, 3.0, 3.0, 7.0, 9.0, 8.0, 6.0, 7.0, 1.0, 8.0, 4.0, 4.0, 9.0, 1.0, 6.0, 1.0, 3.0, 10.0, 1.0, 1.0, 5.0, 9.0, 4.0, 1.0, 2.0, 6.0, 2.0, 10.0, 4.0, 10.0, 8.0, 3.0, 8.0, 3.0, 2.0, 4.0, 2.0, 4.0, 5.0, 2.0, 5.0, 5.0, 7.0, 9.0, 10.0, 4.0, 2.0, 7.0, 9.0, 1.0, 10.0, 3.0, 4.0, 10.0, 9.0, 10.0, 4.0, 1.0, 4.0, 2.0, 9.0, 9.0, 3.0, 9.0, 6.0, 8.0, 9.0, 1.0, 7.0, 10.0, 4.0, 2.0, 7.0, 4.0, 7.0, 7.0, 3.0, 6.0, 3.0, 5.0]
0.604301075269
[2.0, 2.0, 9.0, 4.0, 5.0, 6.0, 6.0, 9.0, 9.0, 6.0, 6.0, 7.0, 8.0, 10.0, 4.0, 7.0, 2.0, 2.0, 10.0, 6.0, 7.0, 9.0, 8.0, 2.0, 1.0, 6.0, 3.0, 6.0, 5.0, 8.0, 10.0, 8.0, 3.0, 7.0, 1.0, 5.0, 7.0, 3.0, 4.0, 4.0, 3.0, 3.0, 5.0, 5.0, 8.0, 8.0, 10.0, 9.0, 7.0, 9.0, 3.0, 8.0, 8.0, 2.0, 3.0, 3.0, 4.0, 6.0, 2.0, 5.0, 1.0, 5.0, 4.0, 3.0, 1.0, 2.0, 10.0, 6.0, 2.0, 9.0, 4.0, 2.0, 2.0, 2.0, 6.0, 3.0, 7.0, 4.0, 10.0, 9.0, 9.0, 1.0, 6.0, 9.0, 9.0, 2.0, 2.0, 6.0, 3.0, 9.0, 4.0, 7.0]
0.619565217391
[2.0, 2.0, 9.0, 4.0, 5.0, 6.0, 6.0, 9.0, 9.0, 6.0, 6.0, 7.0, 8.0, 10.0, 4.0, 7.0, 2.0, 2.0, 10.0, 6.0, 7.0, 9.0, 8.0, 2.0, 1.0, 6.0, 3.0, 6.0, 5.0, 8.0, 10.0, 8.0, 3.0, 7.0, 1.0, 5.0, 7.0, 3.0, 4.0, 4.0, 3.0, 3.0, 5.0, 5.0, 8.0, 8.0, 10.0, 9.0, 7.0, 9.0, 3.0, 8.0, 8.0, 2.0, 3.0, 3.0, 4.0, 6.0, 2.0, 5.0, 1.0, 5.0, 4.0, 3.0, 1.0, 2.0, 10.0, 6.0, 2.0, 9.0, 4.0, 2.0, 2.0, 2.0, 6.0, 3.0, 7.0, 4.0, 10.0, 9.0, 9.0, 1.0, 6.0, 9.0, 9.0, 2.0, 2.0, 6.0, 3.0, 9.0, 4.0, 7.0]
0.666257597008
0.666257597008
[7.0, 8.0, 8.0, 5.0, 2.0, 8.0, 1.0, 10.0, 6.0, 6.0, 9.0, 7.0, 9.0, 4.0, 2.0, 7.0, 2.0, 1.0, 8.0, 5.0, 6.0, 7.0, 5.0, 5.0, 3.0, 7.0, 5.0, 9.0, 7.0, 8.0, 9.0, 9.0, 6.0, 10.0, 3.0, 1.0, 2.0, 10.0, 3.0, 3.0, 10.0, 6.0, 1.0, 6.0, 6.0, 7.0, 8.0, 7.0, 4.0, 8.0, 10.0, 2.0, 7.0, 7.0, 3.0, 6.0, 8.0, 8.0, 7.0, 1.0, 7.0, 5.0, 1.0, 2.0, 8.0, 2.0, 4.0, 1.0, 4.0, 4.0, 9.0, 5.0, 7.0, 7.0, 4.0, 5.0, 4.0, 4.0, 1.0, 8.0, 8.0, 6.0, 6.0, 10.0, 10.0, 10.0, 2.0, 1.0, 10.0, 6.0, 10.0, 3.0, 1.0]
0.677419354839
[7.0, 8.0, 8.0, 5.0, 2.0, 8.0, 1.0, 10.0, 6.0, 6.0, 9.0, 7.0, 9.0, 4.0, 2.0, 7.0, 2.0, 1.0, 8.0, 5.0, 6.0, 7.0, 5.0, 5.0, 3.0, 7.0, 5.0, 9.0, 7.0, 8.0, 9.0, 9.0, 6.0, 10.0, 3.0, 1.0, 2.0, 10.0, 3.0, 3.0, 10.0, 6.0, 1.0, 6.0, 6.0, 7.0, 8.0, 7.0, 4.0, 8.0, 10.0, 2.0, 7.0, 7.0, 3.0, 6.0, 8.0, 8.0, 7.0, 1.0, 7.0, 5.0, 1.0, 2.0, 8.0, 2.0, 4.0, 1.0, 4.0, 4.0, 9.0, 5.0, 7.0, 7.0, 4.0, 5.0, 4.0, 4.0, 1.0, 8.0, 8.0, 6.0, 6.0, 10.0, 10.0, 10.0, 2.0, 1.0, 10.0, 6.0, 10.0, 3.0, 1.0]
0.0677419354839
[1.0, 6.0, 4.0, 10.0, 10.0, 5.0, 4.0, 1.0, 9.0, 1.0, 10.0, 9.0, 6.0, 4.0, 4.0, 10.0, 8.0, 9.0, 5.0, 9.0, 6.0, 5.0, 3.0, 6.0, 3.0, 6.0, 6.0, 10.0, 2.0, 6.0, 6.0, 5.0, 1.0, 7.0, 10.0, 10.0, 4.0, 6.0, 10.0, 8.0, 7.0, 6.0, 10.0, 3.0, 8.0, 6.0, 8.0, 7.0, 5.0, 3.0, 10.0, 6.0, 4.0, 2.0, 7.0, 10.0, 5.0, 2.0, 10.0, 3.0, 4.0, 2.0, 1.0, 4.0, 4.0, 10.0, 10.0, 5.0, 6.0, 5.0, 10.0, 9.0, 1.0, 7.0, 4.0, 9.0, 3.0, 5.0, 5.0, 7.0, 4.0, 6.0, 1.0, 8.0, 7.0, 7.0, 4.0, 9.0, 3.0, 1.0, 9.0, 1.0, 7.0]
0.623655913978
[1.0, 6.0, 4.0, 10.0, 10.0, 5.0, 4.0, 1.0, 9.0, 1.0, 10.0, 9.0, 6.0, 4.0, 4.0, 10.0, 8.0, 9.0, 5.0, 9.0, 6.0, 5.0, 3.0, 6.0, 3.0, 6.0, 6.0, 10.0, 2.0, 6.0, 6.0, 5.0, 1.0, 7.0, 10.0, 10.0, 4.0, 6.0, 10.0, 8.0, 7.0, 6.0, 10.0, 3.0, 8.0, 6.0, 8.0, 7.0, 5.0, 3.0, 10.0, 6.0, 4.0, 2.0, 7.0, 10.0, 5.0, 2.0, 10.0, 3.0, 4.0, 2.0, 1.0, 4.0, 4.0, 10.0, 10.0, 5.0, 6.0, 5.0, 10.0, 9.0, 1.0, 7.0, 4.0, 9.0, 3.0, 5.0, 5.0, 7.0, 4.0, 6.0, 1.0, 8.0, 7.0, 7.0, 4.0, 9.0, 3.0, 1.0, 9.0, 1.0, 7.0]
0.130107526882
[5.0, 7.0, 8.0, 4.0, 3.0, 2.0, 7.0, 2.0, 10.0, 8.0, 9.0, 10.0, 6.0, 1.0, 7.0, 10.0, 1.0, 3.0, 8.0, 2.0, 9.0, 3.0, 6.0, 7.0, 4.0, 10.0, 8.0, 3.0, 1.0, 2.0, 3.0, 2.0, 8.0, 3.0, 5.0, 9.0, 8.0, 8.0, 10.0, 5.0, 3.0, 9.0, 4.0, 8.0, 9.0, 4.0, 8.0, 7.0, 7.0, 9.0, 8.0, 10.0, 7.0, 10.0, 5.0, 6.0, 3.0, 2.0, 3.0, 7.0, 5.0, 7.0, 1.0, 1.0, 2.0, 10.0, 3.0, 3.0, 5.0, 8.0, 7.0, 3.0, 1.0, 1.0, 3.0, 6.0, 9.0, 3.0, 6.0, 2.0, 6.0, 4.0, 3.0, 5.0, 2.0, 6.0, 10.0, 3.0, 10.0, 1.0, 10.0, 4.0, 9.0]
0.698924731183
[5.0, 7.0, 8.0, 4.0, 3.0, 2.0, 7.0, 2.0, 10.0, 8.0, 9.0, 10.0, 6.0, 1.0, 7.0, 10.0, 1.0, 3.0, 8.0, 2.0, 9.0, 3.0, 6.0, 7.0, 4.0, 10.0, 8.0, 3.0, 1.0, 2.0, 3.0, 2.0, 8.0, 3.0, 5.0, 9.0, 8.0, 8.0, 10.0, 5.0, 3.0, 9.0, 4.0, 8.0, 9.0, 4.0, 8.0, 7.0, 7.0, 9.0, 8.0, 10.0, 7.0, 10.0, 5.0, 6.0, 3.0, 2.0, 3.0, 7.0, 5.0, 7.0, 1.0, 1.0, 2.0, 10.0, 3.0, 3.0, 5.0, 8.0, 7.0, 3.0, 1.0, 1.0, 3.0, 6.0, 9.0, 3.0, 6.0, 2.0, 6.0, 4.0, 3.0, 5.0, 2.0, 6.0, 10.0, 3.0, 10.0, 1.0, 10.0, 4.0, 9.0]
0.2
[8.0, 4.0, 1.0, 8.0, 3.0, 5.0, 1.0, 1.0, 5.0, 9.0, 3.0, 7.0, 3.0, 9.0, 3.0, 10.0, 3.0, 2.0, 8.0, 5.0, 5.0, 2.0, 10.0, 1.0, 6.0, 8.0, 2.0, 6.0, 5.0, 7.0, 9.0, 1.0, 6.0, 8.0, 2.0, 9.0, 4.0, 1.0, 8.0, 7.0, 6.0, 5.0, 4.0, 6.0, 4.0, 5.0, 2.0, 1.0, 1.0, 7.0, 4.0, 4.0, 3.0, 4.0, 7.0, 7.0, 5.0, 1.0, 9.0, 5.0, 4.0, 2.0, 8.0, 1.0, 6.0, 10.0, 1.0, 5.0, 8.0, 3.0, 1.0, 1.0, 1.0, 9.0, 1.0, 9.0, 6.0, 1.0, 5.0, 10.0, 6.0, 4.0, 1.0, 2.0, 7.0, 1.0, 9.0, 3.0, 8.0, 5.0, 5.0, 9.0, 5.0]
0.677419354839
[8.0, 4.0, 1.0, 8.0, 3.0, 5.0, 1.0, 1.0, 5.0, 9.0, 3.0, 7.0, 3.0, 9.0, 3.0, 10.0, 3.0, 2.0, 8.0, 5.0, 5.0, 2.0, 10.0, 1.0, 6.0, 8.0, 2.0, 6.0, 5.0, 7.0, 9.0, 1.0, 6.0, 8.0, 2.0, 9.0, 4.0, 1.0, 8.0, 7.0, 6.0, 5.0, 4.0, 6.0, 4.0, 5.0, 2.0, 1.0, 1.0, 7.0, 4.0, 4.0, 3.0, 4.0, 7.0, 7.0, 5.0, 1.0, 9.0, 5.0, 4.0, 2.0, 8.0, 1.0, 6.0, 10.0, 1.0, 5.0, 8.0, 3.0, 1.0, 1.0, 1.0, 9.0, 1.0, 9.0, 6.0, 1.0, 5.0, 10.0, 6.0, 4.0, 1.0, 2.0, 7.0, 1.0, 9.0, 3.0, 8.0, 5.0, 5.0, 9.0, 5.0]
0.267741935484
[5.0, 7.0, 10.0, 3.0, 8.0, 8.0, 1.0, 4.0, 9.0, 2.0, 7.0, 4.0, 2.0, 4.0, 4.0, 8.0, 1.0, 8.0, 5.0, 5.0, 10.0, 5.0, 1.0, 8.0, 2.0, 4.0, 2.0, 8.0, 3.0, 4.0, 10.0, 2.0, 6.0, 5.0, 1.0, 2.0, 5.0, 5.0, 7.0, 2.0, 6.0, 8.0, 6.0, 10.0, 7.0, 2.0, 10.0, 3.0, 7.0, 8.0, 3.0, 2.0, 2.0, 7.0, 1.0, 5.0, 7.0, 3.0, 7.0, 3.0, 3.0, 6.0, 1.0, 2.0, 5.0, 1.0, 6.0, 8.0, 8.0, 7.0, 4.0, 2.0, 5.0, 8.0, 3.0, 9.0, 5.0, 5.0, 2.0, 4.0, 3.0, 5.0, 10.0, 7.0, 5.0, 6.0, 9.0, 1.0, 10.0, 1.0, 10.0, 6.0, 8.0]
0.698924731183
[5.0, 7.0, 10.0, 3.0, 8.0, 8.0, 1.0, 4.0, 9.0, 2.0, 7.0, 4.0, 2.0, 4.0, 4.0, 8.0, 1.0, 8.0, 5.0, 5.0, 10.0, 5.0, 1.0, 8.0, 2.0, 4.0, 2.0, 8.0, 3.0, 4.0, 10.0, 2.0, 6.0, 5.0, 1.0, 2.0, 5.0, 5.0, 7.0, 2.0, 6.0, 8.0, 6.0, 10.0, 7.0, 2.0, 10.0, 3.0, 7.0, 8.0, 3.0, 2.0, 2.0, 7.0, 1.0, 5.0, 7.0, 3.0, 7.0, 3.0, 3.0, 6.0, 1.0, 2.0, 5.0, 1.0, 6.0, 8.0, 8.0, 7.0, 4.0, 2.0, 5.0, 8.0, 3.0, 9.0, 5.0, 5.0, 2.0, 4.0, 3.0, 5.0, 10.0, 7.0, 5.0, 6.0, 9.0, 1.0, 10.0, 1.0, 10.0, 6.0, 8.0]
0.337634408602
[2.0, 3.0, 1.0, 1.0, 10.0, 4.0, 10.0, 9.0, 9.0, 7.0, 9.0, 6.0, 4.0, 8.0, 9.0, 3.0, 2.0, 3.0, 4.0, 10.0, 10.0, 2.0, 1.0, 6.0, 10.0, 1.0, 2.0, 8.0, 3.0, 3.0, 3.0, 10.0, 2.0, 6.0, 1.0, 10.0, 1.0, 1.0, 6.0, 10.0, 5.0, 10.0, 10.0, 9.0, 5.0, 8.0, 1.0, 8.0, 3.0, 7.0, 7.0, 8.0, 1.0, 5.0, 7.0, 5.0, 10.0, 10.0, 3.0, 4.0, 6.0, 6.0, 7.0, 6.0, 7.0, 4.0, 5.0, 7.0, 9.0, 10.0, 6.0, 10.0, 7.0, 1.0, 1.0, 7.0, 1.0, 7.0, 3.0, 9.0, 10.0, 8.0, 3.0, 2.0, 1.0, 3.0, 3.0, 1.0, 5.0, 5.0, 8.0, 1.0, 4.0]
0.688172043011
[2.0, 3.0, 1.0, 1.0, 10.0, 4.0, 10.0, 9.0, 9.0, 7.0, 9.0, 6.0, 4.0, 8.0, 9.0, 3.0, 2.0, 3.0, 4.0, 10.0, 10.0, 2.0, 1.0, 6.0, 10.0, 1.0, 2.0, 8.0, 3.0, 3.0, 3.0, 10.0, 2.0, 6.0, 1.0, 10.0, 1.0, 1.0, 6.0, 10.0, 5.0, 10.0, 10.0, 9.0, 5.0, 8.0, 1.0, 8.0, 3.0, 7.0, 7.0, 8.0, 1.0, 5.0, 7.0, 5.0, 10.0, 10.0, 3.0, 4.0, 6.0, 6.0, 7.0, 6.0, 7.0, 4.0, 5.0, 7.0, 9.0, 10.0, 6.0, 10.0, 7.0, 1.0, 1.0, 7.0, 1.0, 7.0, 3.0, 9.0, 10.0, 8.0, 3.0, 2.0, 1.0, 3.0, 3.0, 1.0, 5.0, 5.0, 8.0, 1.0, 4.0]
0.406451612903
[7.0, 2.0, 4.0, 10.0, 1.0, 6.0, 5.0, 2.0, 3.0, 6.0, 9.0, 9.0, 4.0, 10.0, 5.0, 2.0, 1.0, 1.0, 5.0, 3.0, 10.0, 7.0, 2.0, 2.0, 5.0, 2.0, 10.0, 8.0, 8.0, 5.0, 4.0, 5.0, 5.0, 10.0, 9.0, 4.0, 5.0, 2.0, 8.0, 10.0, 7.0, 4.0, 2.0, 3.0, 2.0, 6.0, 4.0, 7.0, 5.0, 3.0, 8.0, 10.0, 9.0, 2.0, 3.0, 7.0, 7.0, 3.0, 2.0, 4.0, 1.0, 3.0, 2.0, 8.0, 9.0, 4.0, 8.0, 9.0, 8.0, 8.0, 2.0, 2.0, 5.0, 2.0, 10.0, 3.0, 4.0, 4.0, 5.0, 1.0, 10.0, 4.0, 10.0, 6.0, 5.0, 7.0, 1.0, 10.0, 4.0, 3.0, 2.0, 9.0, 8.0]
0.623655913978
[7.0, 2.0, 4.0, 10.0, 1.0, 6.0, 5.0, 2.0, 3.0, 6.0, 9.0, 9.0, 4.0, 10.0, 5.0, 2.0, 1.0, 1.0, 5.0, 3.0, 10.0, 7.0, 2.0, 2.0, 5.0, 2.0, 10.0, 8.0, 8.0, 5.0, 4.0, 5.0, 5.0, 10.0, 9.0, 4.0, 5.0, 2.0, 8.0, 10.0, 7.0, 4.0, 2.0, 3.0, 2.0, 6.0, 4.0, 7.0, 5.0, 3.0, 8.0, 10.0, 9.0, 2.0, 3.0, 7.0, 7.0, 3.0, 2.0, 4.0, 1.0, 3.0, 2.0, 8.0, 9.0, 4.0, 8.0, 9.0, 8.0, 8.0, 2.0, 2.0, 5.0, 2.0, 10.0, 3.0, 4.0, 4.0, 5.0, 1.0, 10.0, 4.0, 10.0, 6.0, 5.0, 7.0, 1.0, 10.0, 4.0, 3.0, 2.0, 9.0, 8.0]
0.468817204301
[5.0, 2.0, 5.0, 3.0, 10.0, 10.0, 2.0, 2.0, 9.0, 9.0, 3.0, 7.0, 1.0, 10.0, 7.0, 3.0, 6.0, 9.0, 10.0, 10.0, 9.0, 8.0, 5.0, 4.0, 4.0, 1.0, 9.0, 9.0, 9.0, 2.0, 10.0, 5.0, 7.0, 7.0, 5.0, 6.0, 9.0, 9.0, 2.0, 2.0, 10.0, 10.0, 8.0, 8.0, 4.0, 4.0, 6.0, 1.0, 3.0, 4.0, 9.0, 3.0, 6.0, 3.0, 7.0, 6.0, 4.0, 8.0, 4.0, 1.0, 3.0, 6.0, 6.0, 3.0, 5.0, 8.0, 2.0, 6.0, 6.0, 7.0, 1.0, 1.0, 4.0, 2.0, 8.0, 8.0, 1.0, 1.0, 2.0, 5.0, 4.0, 2.0, 2.0, 3.0, 10.0, 2.0, 6.0, 9.0, 3.0, 6.0, 1.0, 5.0, 7.0]
0.698924731183
[5.0, 2.0, 5.0, 3.0, 10.0, 10.0, 2.0, 2.0, 9.0, 9.0, 3.0, 7.0, 1.0, 10.0, 7.0, 3.0, 6.0, 9.0, 10.0, 10.0, 9.0, 8.0, 5.0, 4.0, 4.0, 1.0, 9.0, 9.0, 9.0, 2.0, 10.0, 5.0, 7.0, 7.0, 5.0, 6.0, 9.0, 9.0, 2.0, 2.0, 10.0, 10.0, 8.0, 8.0, 4.0, 4.0, 6.0, 1.0, 3.0, 4.0, 9.0, 3.0, 6.0, 3.0, 7.0, 6.0, 4.0, 8.0, 4.0, 1.0, 3.0, 6.0, 6.0, 3.0, 5.0, 8.0, 2.0, 6.0, 6.0, 7.0, 1.0, 1.0, 4.0, 2.0, 8.0, 8.0, 1.0, 1.0, 2.0, 5.0, 4.0, 2.0, 2.0, 3.0, 10.0, 2.0, 6.0, 9.0, 3.0, 6.0, 1.0, 5.0, 7.0]
0.538709677419
[1.0, 2.0, 9.0, 10.0, 10.0, 1.0, 9.0, 4.0, 4.0, 9.0, 7.0, 9.0, 10.0, 3.0, 3.0, 3.0, 7.0, 9.0, 8.0, 6.0, 7.0, 1.0, 8.0, 4.0, 4.0, 9.0, 1.0, 6.0, 1.0, 3.0, 10.0, 1.0, 1.0, 5.0, 9.0, 4.0, 1.0, 2.0, 6.0, 2.0, 10.0, 4.0, 10.0, 8.0, 3.0, 8.0, 3.0, 2.0, 4.0, 2.0, 4.0, 5.0, 2.0, 5.0, 5.0, 7.0, 9.0, 10.0, 4.0, 2.0, 7.0, 9.0, 1.0, 10.0, 3.0, 4.0, 10.0, 9.0, 10.0, 4.0, 1.0, 4.0, 2.0, 9.0, 9.0, 3.0, 9.0, 6.0, 8.0, 9.0, 1.0, 7.0, 10.0, 4.0, 2.0, 7.0, 4.0, 7.0, 7.0, 3.0, 6.0, 3.0, 5.0]
0.655913978495
[1.0, 2.0, 9.0, 10.0, 10.0, 1.0, 9.0, 4.0, 4.0, 9.0, 7.0, 9.0, 10.0, 3.0, 3.0, 3.0, 7.0, 9.0, 8.0, 6.0, 7.0, 1.0, 8.0, 4.0, 4.0, 9.0, 1.0, 6.0, 1.0, 3.0, 10.0, 1.0, 1.0, 5.0, 9.0, 4.0, 1.0, 2.0, 6.0, 2.0, 10.0, 4.0, 10.0, 8.0, 3.0, 8.0, 3.0, 2.0, 4.0, 2.0, 4.0, 5.0, 2.0, 5.0, 5.0, 7.0, 9.0, 10.0, 4.0, 2.0, 7.0, 9.0, 1.0, 10.0, 3.0, 4.0, 10.0, 9.0, 10.0, 4.0, 1.0, 4.0, 2.0, 9.0, 9.0, 3.0, 9.0, 6.0, 8.0, 9.0, 1.0, 7.0, 10.0, 4.0, 2.0, 7.0, 4.0, 7.0, 7.0, 3.0, 6.0, 3.0, 5.0]
0.604301075269
[2.0, 2.0, 9.0, 4.0, 5.0, 6.0, 6.0, 9.0, 9.0, 6.0, 6.0, 7.0, 8.0, 10.0, 4.0, 7.0, 2.0, 2.0, 10.0, 6.0, 7.0, 9.0, 8.0, 2.0, 1.0, 6.0, 3.0, 6.0, 5.0, 8.0, 10.0, 8.0, 3.0, 7.0, 1.0, 5.0, 7.0, 3.0, 4.0, 4.0, 3.0, 3.0, 5.0, 5.0, 8.0, 8.0, 10.0, 9.0, 7.0, 9.0, 3.0, 8.0, 8.0, 2.0, 3.0, 3.0, 4.0, 6.0, 2.0, 5.0, 1.0, 5.0, 4.0, 3.0, 1.0, 2.0, 10.0, 6.0, 2.0, 9.0, 4.0, 2.0, 2.0, 2.0, 6.0, 3.0, 7.0, 4.0, 10.0, 9.0, 9.0, 1.0, 6.0, 9.0, 9.0, 2.0, 2.0, 6.0, 3.0, 9.0, 4.0, 7.0]
0.652173913043
[2.0, 2.0, 9.0, 4.0, 5.0, 6.0, 6.0, 9.0, 9.0, 6.0, 6.0, 7.0, 8.0, 10.0, 4.0, 7.0, 2.0, 2.0, 10.0, 6.0, 7.0, 9.0, 8.0, 2.0, 1.0, 6.0, 3.0, 6.0, 5.0, 8.0, 10.0, 8.0, 3.0, 7.0, 1.0, 5.0, 7.0, 3.0, 4.0, 4.0, 3.0, 3.0, 5.0, 5.0, 8.0, 8.0, 10.0, 9.0, 7.0, 9.0, 3.0, 8.0, 8.0, 2.0, 3.0, 3.0, 4.0, 6.0, 2.0, 5.0, 1.0, 5.0, 4.0, 3.0, 1.0, 2.0, 10.0, 6.0, 2.0, 9.0, 4.0, 2.0, 2.0, 2.0, 6.0, 3.0, 7.0, 4.0, 10.0, 9.0, 9.0, 1.0, 6.0, 9.0, 9.0, 2.0, 2.0, 6.0, 3.0, 9.0, 4.0, 7.0]
0.669518466573
0.669518466573
[7.0, 8.0, 8.0, 5.0, 2.0, 8.0, 1.0, 10.0, 6.0, 6.0, 9.0, 7.0, 9.0, 4.0, 2.0, 7.0, 2.0, 1.0, 8.0, 5.0, 6.0, 7.0, 5.0, 5.0, 3.0, 7.0, 5.0, 9.0, 7.0, 8.0, 9.0, 9.0, 6.0, 10.0, 3.0, 1.0, 2.0, 10.0, 3.0, 3.0, 10.0, 6.0, 1.0, 6.0, 6.0, 7.0, 8.0, 7.0, 4.0, 8.0, 10.0, 2.0, 7.0, 7.0, 3.0, 6.0, 8.0, 8.0, 7.0, 1.0, 7.0, 5.0, 1.0, 2.0, 8.0, 2.0, 4.0, 1.0, 4.0, 4.0, 9.0, 5.0, 7.0, 7.0, 4.0, 5.0, 4.0, 4.0, 1.0, 8.0, 8.0, 6.0, 6.0, 10.0, 10.0, 10.0, 2.0, 1.0, 10.0, 6.0, 10.0, 3.0, 1.0]
0.677419354839
[7.0, 8.0, 8.0, 5.0, 2.0, 8.0, 1.0, 10.0, 6.0, 6.0, 9.0, 7.0, 9.0, 4.0, 2.0, 7.0, 2.0, 1.0, 8.0, 5.0, 6.0, 7.0, 5.0, 5.0, 3.0, 7.0, 5.0, 9.0, 7.0, 8.0, 9.0, 9.0, 6.0, 10.0, 3.0, 1.0, 2.0, 10.0, 3.0, 3.0, 10.0, 6.0, 1.0, 6.0, 6.0, 7.0, 8.0, 7.0, 4.0, 8.0, 10.0, 2.0, 7.0, 7.0, 3.0, 6.0, 8.0, 8.0, 7.0, 1.0, 7.0, 5.0, 1.0, 2.0, 8.0, 2.0, 4.0, 1.0, 4.0, 4.0, 9.0, 5.0, 7.0, 7.0, 4.0, 5.0, 4.0, 4.0, 1.0, 8.0, 8.0, 6.0, 6.0, 10.0, 10.0, 10.0, 2.0, 1.0, 10.0, 6.0, 10.0, 3.0, 1.0]
0.0677419354839
[1.0, 6.0, 4.0, 10.0, 10.0, 5.0, 4.0, 1.0, 9.0, 1.0, 10.0, 9.0, 6.0, 4.0, 4.0, 10.0, 8.0, 9.0, 5.0, 9.0, 6.0, 5.0, 3.0, 6.0, 3.0, 6.0, 6.0, 10.0, 2.0, 6.0, 6.0, 5.0, 1.0, 7.0, 10.0, 10.0, 4.0, 6.0, 10.0, 8.0, 7.0, 6.0, 10.0, 3.0, 8.0, 6.0, 8.0, 7.0, 5.0, 3.0, 10.0, 6.0, 4.0, 2.0, 7.0, 10.0, 5.0, 2.0, 10.0, 3.0, 4.0, 2.0, 1.0, 4.0, 4.0, 10.0, 10.0, 5.0, 6.0, 5.0, 10.0, 9.0, 1.0, 7.0, 4.0, 9.0, 3.0, 5.0, 5.0, 7.0, 4.0, 6.0, 1.0, 8.0, 7.0, 7.0, 4.0, 9.0, 3.0, 1.0, 9.0, 1.0, 7.0]
0.602150537634
[1.0, 6.0, 4.0, 10.0, 10.0, 5.0, 4.0, 1.0, 9.0, 1.0, 10.0, 9.0, 6.0, 4.0, 4.0, 10.0, 8.0, 9.0, 5.0, 9.0, 6.0, 5.0, 3.0, 6.0, 3.0, 6.0, 6.0, 10.0, 2.0, 6.0, 6.0, 5.0, 1.0, 7.0, 10.0, 10.0, 4.0, 6.0, 10.0, 8.0, 7.0, 6.0, 10.0, 3.0, 8.0, 6.0, 8.0, 7.0, 5.0, 3.0, 10.0, 6.0, 4.0, 2.0, 7.0, 10.0, 5.0, 2.0, 10.0, 3.0, 4.0, 2.0, 1.0, 4.0, 4.0, 10.0, 10.0, 5.0, 6.0, 5.0, 10.0, 9.0, 1.0, 7.0, 4.0, 9.0, 3.0, 5.0, 5.0, 7.0, 4.0, 6.0, 1.0, 8.0, 7.0, 7.0, 4.0, 9.0, 3.0, 1.0, 9.0, 1.0, 7.0]
0.127956989247
[5.0, 7.0, 8.0, 4.0, 3.0, 2.0, 7.0, 2.0, 10.0, 8.0, 9.0, 10.0, 6.0, 1.0, 7.0, 10.0, 1.0, 3.0, 8.0, 2.0, 9.0, 3.0, 6.0, 7.0, 4.0, 10.0, 8.0, 3.0, 1.0, 2.0, 3.0, 2.0, 8.0, 3.0, 5.0, 9.0, 8.0, 8.0, 10.0, 5.0, 3.0, 9.0, 4.0, 8.0, 9.0, 4.0, 8.0, 7.0, 7.0, 9.0, 8.0, 10.0, 7.0, 10.0, 5.0, 6.0, 3.0, 2.0, 3.0, 7.0, 5.0, 7.0, 1.0, 1.0, 2.0, 10.0, 3.0, 3.0, 5.0, 8.0, 7.0, 3.0, 1.0, 1.0, 3.0, 6.0, 9.0, 3.0, 6.0, 2.0, 6.0, 4.0, 3.0, 5.0, 2.0, 6.0, 10.0, 3.0, 10.0, 1.0, 10.0, 4.0, 9.0]
0.709677419355
[5.0, 7.0, 8.0, 4.0, 3.0, 2.0, 7.0, 2.0, 10.0, 8.0, 9.0, 10.0, 6.0, 1.0, 7.0, 10.0, 1.0, 3.0, 8.0, 2.0, 9.0, 3.0, 6.0, 7.0, 4.0, 10.0, 8.0, 3.0, 1.0, 2.0, 3.0, 2.0, 8.0, 3.0, 5.0, 9.0, 8.0, 8.0, 10.0, 5.0, 3.0, 9.0, 4.0, 8.0, 9.0, 4.0, 8.0, 7.0, 7.0, 9.0, 8.0, 10.0, 7.0, 10.0, 5.0, 6.0, 3.0, 2.0, 3.0, 7.0, 5.0, 7.0, 1.0, 1.0, 2.0, 10.0, 3.0, 3.0, 5.0, 8.0, 7.0, 3.0, 1.0, 1.0, 3.0, 6.0, 9.0, 3.0, 6.0, 2.0, 6.0, 4.0, 3.0, 5.0, 2.0, 6.0, 10.0, 3.0, 10.0, 1.0, 10.0, 4.0, 9.0]
0.198924731183
[8.0, 4.0, 1.0, 8.0, 3.0, 5.0, 1.0, 1.0, 5.0, 9.0, 3.0, 7.0, 3.0, 9.0, 3.0, 10.0, 3.0, 2.0, 8.0, 5.0, 5.0, 2.0, 10.0, 1.0, 6.0, 8.0, 2.0, 6.0, 5.0, 7.0, 9.0, 1.0, 6.0, 8.0, 2.0, 9.0, 4.0, 1.0, 8.0, 7.0, 6.0, 5.0, 4.0, 6.0, 4.0, 5.0, 2.0, 1.0, 1.0, 7.0, 4.0, 4.0, 3.0, 4.0, 7.0, 7.0, 5.0, 1.0, 9.0, 5.0, 4.0, 2.0, 8.0, 1.0, 6.0, 10.0, 1.0, 5.0, 8.0, 3.0, 1.0, 1.0, 1.0, 9.0, 1.0, 9.0, 6.0, 1.0, 5.0, 10.0, 6.0, 4.0, 1.0, 2.0, 7.0, 1.0, 9.0, 3.0, 8.0, 5.0, 5.0, 9.0, 5.0]
0.655913978495
[8.0, 4.0, 1.0, 8.0, 3.0, 5.0, 1.0, 1.0, 5.0, 9.0, 3.0, 7.0, 3.0, 9.0, 3.0, 10.0, 3.0, 2.0, 8.0, 5.0, 5.0, 2.0, 10.0, 1.0, 6.0, 8.0, 2.0, 6.0, 5.0, 7.0, 9.0, 1.0, 6.0, 8.0, 2.0, 9.0, 4.0, 1.0, 8.0, 7.0, 6.0, 5.0, 4.0, 6.0, 4.0, 5.0, 2.0, 1.0, 1.0, 7.0, 4.0, 4.0, 3.0, 4.0, 7.0, 7.0, 5.0, 1.0, 9.0, 5.0, 4.0, 2.0, 8.0, 1.0, 6.0, 10.0, 1.0, 5.0, 8.0, 3.0, 1.0, 1.0, 1.0, 9.0, 1.0, 9.0, 6.0, 1.0, 5.0, 10.0, 6.0, 4.0, 1.0, 2.0, 7.0, 1.0, 9.0, 3.0, 8.0, 5.0, 5.0, 9.0, 5.0]
0.264516129032
[5.0, 7.0, 10.0, 3.0, 8.0, 8.0, 1.0, 4.0, 9.0, 2.0, 7.0, 4.0, 2.0, 4.0, 4.0, 8.0, 1.0, 8.0, 5.0, 5.0, 10.0, 5.0, 1.0, 8.0, 2.0, 4.0, 2.0, 8.0, 3.0, 4.0, 10.0, 2.0, 6.0, 5.0, 1.0, 2.0, 5.0, 5.0, 7.0, 2.0, 6.0, 8.0, 6.0, 10.0, 7.0, 2.0, 10.0, 3.0, 7.0, 8.0, 3.0, 2.0, 2.0, 7.0, 1.0, 5.0, 7.0, 3.0, 7.0, 3.0, 3.0, 6.0, 1.0, 2.0, 5.0, 1.0, 6.0, 8.0, 8.0, 7.0, 4.0, 2.0, 5.0, 8.0, 3.0, 9.0, 5.0, 5.0, 2.0, 4.0, 3.0, 5.0, 10.0, 7.0, 5.0, 6.0, 9.0, 1.0, 10.0, 1.0, 10.0, 6.0, 8.0]
0.688172043011
[5.0, 7.0, 10.0, 3.0, 8.0, 8.0, 1.0, 4.0, 9.0, 2.0, 7.0, 4.0, 2.0, 4.0, 4.0, 8.0, 1.0, 8.0, 5.0, 5.0, 10.0, 5.0, 1.0, 8.0, 2.0, 4.0, 2.0, 8.0, 3.0, 4.0, 10.0, 2.0, 6.0, 5.0, 1.0, 2.0, 5.0, 5.0, 7.0, 2.0, 6.0, 8.0, 6.0, 10.0, 7.0, 2.0, 10.0, 3.0, 7.0, 8.0, 3.0, 2.0, 2.0, 7.0, 1.0, 5.0, 7.0, 3.0, 7.0, 3.0, 3.0, 6.0, 1.0, 2.0, 5.0, 1.0, 6.0, 8.0, 8.0, 7.0, 4.0, 2.0, 5.0, 8.0, 3.0, 9.0, 5.0, 5.0, 2.0, 4.0, 3.0, 5.0, 10.0, 7.0, 5.0, 6.0, 9.0, 1.0, 10.0, 1.0, 10.0, 6.0, 8.0]
0.333333333333
[2.0, 3.0, 1.0, 1.0, 10.0, 4.0, 10.0, 9.0, 9.0, 7.0, 9.0, 6.0, 4.0, 8.0, 9.0, 3.0, 2.0, 3.0, 4.0, 10.0, 10.0, 2.0, 1.0, 6.0, 10.0, 1.0, 2.0, 8.0, 3.0, 3.0, 3.0, 10.0, 2.0, 6.0, 1.0, 10.0, 1.0, 1.0, 6.0, 10.0, 5.0, 10.0, 10.0, 9.0, 5.0, 8.0, 1.0, 8.0, 3.0, 7.0, 7.0, 8.0, 1.0, 5.0, 7.0, 5.0, 10.0, 10.0, 3.0, 4.0, 6.0, 6.0, 7.0, 6.0, 7.0, 4.0, 5.0, 7.0, 9.0, 10.0, 6.0, 10.0, 7.0, 1.0, 1.0, 7.0, 1.0, 7.0, 3.0, 9.0, 10.0, 8.0, 3.0, 2.0, 1.0, 3.0, 3.0, 1.0, 5.0, 5.0, 8.0, 1.0, 4.0]
0.677419354839
[2.0, 3.0, 1.0, 1.0, 10.0, 4.0, 10.0, 9.0, 9.0, 7.0, 9.0, 6.0, 4.0, 8.0, 9.0, 3.0, 2.0, 3.0, 4.0, 10.0, 10.0, 2.0, 1.0, 6.0, 10.0, 1.0, 2.0, 8.0, 3.0, 3.0, 3.0, 10.0, 2.0, 6.0, 1.0, 10.0, 1.0, 1.0, 6.0, 10.0, 5.0, 10.0, 10.0, 9.0, 5.0, 8.0, 1.0, 8.0, 3.0, 7.0, 7.0, 8.0, 1.0, 5.0, 7.0, 5.0, 10.0, 10.0, 3.0, 4.0, 6.0, 6.0, 7.0, 6.0, 7.0, 4.0, 5.0, 7.0, 9.0, 10.0, 6.0, 10.0, 7.0, 1.0, 1.0, 7.0, 1.0, 7.0, 3.0, 9.0, 10.0, 8.0, 3.0, 2.0, 1.0, 3.0, 3.0, 1.0, 5.0, 5.0, 8.0, 1.0, 4.0]
0.401075268817
[7.0, 2.0, 4.0, 10.0, 1.0, 6.0, 5.0, 2.0, 3.0, 6.0, 9.0, 9.0, 4.0, 10.0, 5.0, 2.0, 1.0, 1.0, 5.0, 3.0, 10.0, 7.0, 2.0, 2.0, 5.0, 2.0, 10.0, 8.0, 8.0, 5.0, 4.0, 5.0, 5.0, 10.0, 9.0, 4.0, 5.0, 2.0, 8.0, 10.0, 7.0, 4.0, 2.0, 3.0, 2.0, 6.0, 4.0, 7.0, 5.0, 3.0, 8.0, 10.0, 9.0, 2.0, 3.0, 7.0, 7.0, 3.0, 2.0, 4.0, 1.0, 3.0, 2.0, 8.0, 9.0, 4.0, 8.0, 9.0, 8.0, 8.0, 2.0, 2.0, 5.0, 2.0, 10.0, 3.0, 4.0, 4.0, 5.0, 1.0, 10.0, 4.0, 10.0, 6.0, 5.0, 7.0, 1.0, 10.0, 4.0, 3.0, 2.0, 9.0, 8.0]
0.655913978495
[7.0, 2.0, 4.0, 10.0, 1.0, 6.0, 5.0, 2.0, 3.0, 6.0, 9.0, 9.0, 4.0, 10.0, 5.0, 2.0, 1.0, 1.0, 5.0, 3.0, 10.0, 7.0, 2.0, 2.0, 5.0, 2.0, 10.0, 8.0, 8.0, 5.0, 4.0, 5.0, 5.0, 10.0, 9.0, 4.0, 5.0, 2.0, 8.0, 10.0, 7.0, 4.0, 2.0, 3.0, 2.0, 6.0, 4.0, 7.0, 5.0, 3.0, 8.0, 10.0, 9.0, 2.0, 3.0, 7.0, 7.0, 3.0, 2.0, 4.0, 1.0, 3.0, 2.0, 8.0, 9.0, 4.0, 8.0, 9.0, 8.0, 8.0, 2.0, 2.0, 5.0, 2.0, 10.0, 3.0, 4.0, 4.0, 5.0, 1.0, 10.0, 4.0, 10.0, 6.0, 5.0, 7.0, 1.0, 10.0, 4.0, 3.0, 2.0, 9.0, 8.0]
0.466666666667
[5.0, 2.0, 5.0, 3.0, 10.0, 10.0, 2.0, 2.0, 9.0, 9.0, 3.0, 7.0, 1.0, 10.0, 7.0, 3.0, 6.0, 9.0, 10.0, 10.0, 9.0, 8.0, 5.0, 4.0, 4.0, 1.0, 9.0, 9.0, 9.0, 2.0, 10.0, 5.0, 7.0, 7.0, 5.0, 6.0, 9.0, 9.0, 2.0, 2.0, 10.0, 10.0, 8.0, 8.0, 4.0, 4.0, 6.0, 1.0, 3.0, 4.0, 9.0, 3.0, 6.0, 3.0, 7.0, 6.0, 4.0, 8.0, 4.0, 1.0, 3.0, 6.0, 6.0, 3.0, 5.0, 8.0, 2.0, 6.0, 6.0, 7.0, 1.0, 1.0, 4.0, 2.0, 8.0, 8.0, 1.0, 1.0, 2.0, 5.0, 4.0, 2.0, 2.0, 3.0, 10.0, 2.0, 6.0, 9.0, 3.0, 6.0, 1.0, 5.0, 7.0]
0.752688172043
[5.0, 2.0, 5.0, 3.0, 10.0, 10.0, 2.0, 2.0, 9.0, 9.0, 3.0, 7.0, 1.0, 10.0, 7.0, 3.0, 6.0, 9.0, 10.0, 10.0, 9.0, 8.0, 5.0, 4.0, 4.0, 1.0, 9.0, 9.0, 9.0, 2.0, 10.0, 5.0, 7.0, 7.0, 5.0, 6.0, 9.0, 9.0, 2.0, 2.0, 10.0, 10.0, 8.0, 8.0, 4.0, 4.0, 6.0, 1.0, 3.0, 4.0, 9.0, 3.0, 6.0, 3.0, 7.0, 6.0, 4.0, 8.0, 4.0, 1.0, 3.0, 6.0, 6.0, 3.0, 5.0, 8.0, 2.0, 6.0, 6.0, 7.0, 1.0, 1.0, 4.0, 2.0, 8.0, 8.0, 1.0, 1.0, 2.0, 5.0, 4.0, 2.0, 2.0, 3.0, 10.0, 2.0, 6.0, 9.0, 3.0, 6.0, 1.0, 5.0, 7.0]
0.541935483871
[1.0, 2.0, 9.0, 10.0, 10.0, 1.0, 9.0, 4.0, 4.0, 9.0, 7.0, 9.0, 10.0, 3.0, 3.0, 3.0, 7.0, 9.0, 8.0, 6.0, 7.0, 1.0, 8.0, 4.0, 4.0, 9.0, 1.0, 6.0, 1.0, 3.0, 10.0, 1.0, 1.0, 5.0, 9.0, 4.0, 1.0, 2.0, 6.0, 2.0, 10.0, 4.0, 10.0, 8.0, 3.0, 8.0, 3.0, 2.0, 4.0, 2.0, 4.0, 5.0, 2.0, 5.0, 5.0, 7.0, 9.0, 10.0, 4.0, 2.0, 7.0, 9.0, 1.0, 10.0, 3.0, 4.0, 10.0, 9.0, 10.0, 4.0, 1.0, 4.0, 2.0, 9.0, 9.0, 3.0, 9.0, 6.0, 8.0, 9.0, 1.0, 7.0, 10.0, 4.0, 2.0, 7.0, 4.0, 7.0, 7.0, 3.0, 6.0, 3.0, 5.0]
0.688172043011
[1.0, 2.0, 9.0, 10.0, 10.0, 1.0, 9.0, 4.0, 4.0, 9.0, 7.0, 9.0, 10.0, 3.0, 3.0, 3.0, 7.0, 9.0, 8.0, 6.0, 7.0, 1.0, 8.0, 4.0, 4.0, 9.0, 1.0, 6.0, 1.0, 3.0, 10.0, 1.0, 1.0, 5.0, 9.0, 4.0, 1.0, 2.0, 6.0, 2.0, 10.0, 4.0, 10.0, 8.0, 3.0, 8.0, 3.0, 2.0, 4.0, 2.0, 4.0, 5.0, 2.0, 5.0, 5.0, 7.0, 9.0, 10.0, 4.0, 2.0, 7.0, 9.0, 1.0, 10.0, 3.0, 4.0, 10.0, 9.0, 10.0, 4.0, 1.0, 4.0, 2.0, 9.0, 9.0, 3.0, 9.0, 6.0, 8.0, 9.0, 1.0, 7.0, 10.0, 4.0, 2.0, 7.0, 4.0, 7.0, 7.0, 3.0, 6.0, 3.0, 5.0]
0.610752688172
[2.0, 2.0, 9.0, 4.0, 5.0, 6.0, 6.0, 9.0, 9.0, 6.0, 6.0, 7.0, 8.0, 10.0, 4.0, 7.0, 2.0, 2.0, 10.0, 6.0, 7.0, 9.0, 8.0, 2.0, 1.0, 6.0, 3.0, 6.0, 5.0, 8.0, 10.0, 8.0, 3.0, 7.0, 1.0, 5.0, 7.0, 3.0, 4.0, 4.0, 3.0, 3.0, 5.0, 5.0, 8.0, 8.0, 10.0, 9.0, 7.0, 9.0, 3.0, 8.0, 8.0, 2.0, 3.0, 3.0, 4.0, 6.0, 2.0, 5.0, 1.0, 5.0, 4.0, 3.0, 1.0, 2.0, 10.0, 6.0, 2.0, 9.0, 4.0, 2.0, 2.0, 2.0, 6.0, 3.0, 7.0, 4.0, 10.0, 9.0, 9.0, 1.0, 6.0, 9.0, 9.0, 2.0, 2.0, 6.0, 3.0, 9.0, 4.0, 7.0]
0.717391304348
[2.0, 2.0, 9.0, 4.0, 5.0, 6.0, 6.0, 9.0, 9.0, 6.0, 6.0, 7.0, 8.0, 10.0, 4.0, 7.0, 2.0, 2.0, 10.0, 6.0, 7.0, 9.0, 8.0, 2.0, 1.0, 6.0, 3.0, 6.0, 5.0, 8.0, 10.0, 8.0, 3.0, 7.0, 1.0, 5.0, 7.0, 3.0, 4.0, 4.0, 3.0, 3.0, 5.0, 5.0, 8.0, 8.0, 10.0, 9.0, 7.0, 9.0, 3.0, 8.0, 8.0, 2.0, 3.0, 3.0, 4.0, 6.0, 2.0, 5.0, 1.0, 5.0, 4.0, 3.0, 1.0, 2.0, 10.0, 6.0, 2.0, 9.0, 4.0, 2.0, 2.0, 2.0, 6.0, 3.0, 7.0, 4.0, 10.0, 9.0, 9.0, 1.0, 6.0, 9.0, 9.0, 2.0, 2.0, 6.0, 3.0, 9.0, 4.0, 7.0]
0.682491818607
0.682491818607

#these are confusion matrices
[[8 0 0 0 0 0 0 0 0 0]
 [0 9 0 0 0 0 0 0 0 0]
 [1 0 8 1 1 0 0 1 0 4]
 [0 0 0 9 0 0 1 1 0 2]
 [0 0 1 1 3 0 0 0 4 0]
 [0 0 0 0 0 5 0 0 0 1]
 [0 0 0 0 0 0 7 0 0 0]
 [1 0 0 2 0 0 0 3 1 0]
 [1 0 0 1 1 0 0 0 9 0]
 [0 0 1 0 0 0 1 0 0 4]]
[[74  0  0  2  4  5  1  0  2  0]
 [ 0 88  1  0  0  9  0  0  0  1]
 [10  0 71  7  1  3  2  5  9 16]
 [ 4  0  1 54  5  1  2  8  5 11]
 [ 2  0  1  3 53  0  1 10 13  3]
 [ 1  6  1  0  0 64  3  0  0  1]
 [ 2  0  2  0  2  1 64  2  1  4]
 [ 2  0  3  5 16  0  3 49  7  1]
 [ 1  0  5  7  8  1  0  5 42  3]
 [ 4  4 13 15  3  3 15  6  6 60]]

74
88.0
88
99.0
71
124.0
54
91.0
53
86.0
64
76.0
64
78.0
49
86.0
42
72.0
60
129.0
0.679289942607

#confusion matrix
[[73  0  1  1  3  3  1  0  3  2]
 [ 0 93  0  0  0 15  0  1  0  0]
 [12  1 76 12  0  8  1  9 11 13]
 [ 1  0  2 58  6  4  2  7  9  9]
 [ 0  0  0  4 52  0  0  9  7  2]
 [ 1  3  1  0  0 54  0  0  0  0]
 [ 3  0  1  1  3  1 73  1  0  7]
 [ 1  0  0  0 20  0  0 49  4  1]
 [ 5  0  1  3  6  0  0  3 46  6]
 [ 4  1 16 14  2  2 14  6  5 60]]

73
87.0
93
109.0
76
143.0
58
98.0
52
74.0
54
59.0
73
90.0
49
75.0
46
70.0
60
124.0
0.703901194443